UNITS=MM
#Layer_Color=0
#
#Feature symbol names
#
$0 r99.9998

#
#Feature attribute names
#

#
#Layer features
#
L 2.04255116 2.2298533 3.04254916 2.2298533 0 P 0
L 2.54255016 1.7298543 2.54255016 2.7298523 0 P 0
L 6.06963226 1.63832794 7.06963026 1.63832794 0 P 0
L 6.56963126 1.13832894 6.56963126 2.13832694 0 P 0
L 7.45967266 1.63833048 8.45967066 1.63833048 0 P 0
L 7.95967166 1.13833148 7.95967166 2.13832948 0 P 0
L 8.89337312 1.64439346 9.89337112 1.64439346 0 P 0
L 8.92372104 4.12101284 9.92371904 4.12101284 0 P 0
L 9.39337212 1.14439446 9.39337212 2.14439246 0 P 0
L 9.40840638 13.24382924 10.40840438 13.24382924 0 P 0
L 9.42372004 3.62101384 9.42372004 4.62101184 0 P 0
L 9.90840538 12.74383024 9.90840538 13.74382824 0 P 0
L 10.32707104 1.64439346 11.32706904 1.64439346 0 P 0
L 10.32707104 4.1210103 11.32706904 4.1210103 0 P 0
L 10.82707004 1.14439446 10.82707004 2.14439246 0 P 0
L 10.82707004 3.6210113 10.82707004 4.6210093 0 P 0
L 11.04376506 11.87758356 12.04376306 11.87758356 0 P 0
L 11.54376406 11.37758456 11.54376406 12.37758256 0 P 0
L 11.62294602 9.09999958 12.62294402 9.09999958 0 P 0
L 11.76076642 4.12101284 12.76076442 4.12101284 0 P 0
L 11.9139716 6.24225066 12.9139696 6.24225066 0 P 0
L 12.12294502 8.60000058 12.12294502 9.59999858 0 P 0
L 12.26076542 3.62101384 12.26076542 4.62101184 0 P 0
L 12.4139706 5.74225166 12.4139706 6.74224966 0 P 0
L 14.079601 6.5024 15.079599 6.5024 0 P 0
L 14.5796 6.002401 14.5796 7.002399 0 P 0
L 17.381601 12.6270004 18.381599 12.6270004 0 P 0
L 17.8816 12.1270014 17.8816 13.1269994 0 P 0
L 18.067401 1.8328132 19.067399 1.8328132 0 P 0
L 18.5674 1.3328142 18.5674 2.3328122 0 P 0
L 19.50000164 8.99989818 20.49999964 8.99989818 0 P 0
L 19.896201 3.32044294 20.896199 3.32044294 0 P 0
L 19.896201 4.4958 20.896199 4.4958 0 P 0
L 19.972401 12.62699786 20.972399 12.62699786 0 P 0
L 20.00000064 8.49989918 20.00000064 9.49989718 0 P 0
L 20.3962 2.82044394 20.3962 3.82044194 0 P 0
L 20.3962 3.995801 20.3962 4.995799 0 P 0
L 20.4724 12.12699886 20.4724 13.12699686 0 P 0
L 22.512401 3.37124294 23.512399 3.37124294 0 P 0
L 22.512401 4.5466 23.512399 4.5466 0 P 0
L 23.0124 2.87124394 23.0124 3.87124194 0 P 0
L 23.0124 4.046601 23.0124 5.046599 0 P 0
L 24.417401 5.3848 25.417399 5.3848 0 P 0
L 24.9174 4.884801 24.9174 5.884799 0 P 0
L 25.179401 7.64540254 26.179399 7.64540254 0 P 0
L 25.204801 8.83920254 26.204799 8.83920254 0 P 0
L 25.6794 7.14540354 25.6794 8.14540154 0 P 0
L 25.7048 8.33920354 25.7048 9.33920154 0 P 0
L 25.789001 4.6482 26.788999 4.6482 0 P 0
L 26.289 4.148201 26.289 5.148199 0 P 0
L 27.668601 7.6454 28.668599 7.6454 0 P 0
L 27.668601 8.8392 28.668599 8.8392 0 P 0
L 28.1686 7.145401 28.1686 8.145399 0 P 0
L 28.1686 8.339201 28.1686 9.339199 0 P 0
L 36.965001 6.6294 37.964999 6.6294 0 P 0
L 37.465 6.129401 37.465 7.129399 0 P 0
L 38.311201 5.3848 39.311199 5.3848 0 P 0
L 38.311201 7.747 39.311199 7.747 0 P 0
L 38.8112 4.884801 38.8112 5.884799 0 P 0
L 38.8112 7.247001 38.8112 8.246999 0 P 0
L 39.403401 13.3604 40.403399 13.3604 0 P 0
L 39.69178752 4.60588868 40.69178552 4.60588868 0 P 0
L 39.9034 12.860401 39.9034 13.860399 0 P 0
L 40.19178652 4.10588968 40.19178652 5.10588768 0 P 0
L 40.648001 13.3858 41.647999 13.3858 0 P 0
L 41.148 12.885801 41.148 13.885799 0 P 0
L 45.0874003 14.5034 46.0873983 14.5034 0 P 0
L 45.194601 16.6624 46.194599 16.6624 0 P 0
L 45.5873993 14.003401 45.5873993 15.003399 0 P 0
L 45.6946 16.162401 45.6946 17.162399 0 P 0
L 45.753401 12.3444 46.753399 12.3444 0 P 0
L 46.2534 11.844401 46.2534 12.844399 0 P 0
